{
  "bones": [
    "root",
    "middle"
  ],
  "keyFrames": [
    {
      "transformations": [
        {
          "values": [
            0.999989,
            0.0,
            0.004785,
            0.949867,
            -0.0,
            1.0,
            0.0,
            0.487346,
            -0.004785,
            -0.0,
            0.999989,
            -0.481674,
            0.0,
            0.0,
            0.0,
            1.0
          ]
        },
        {
          "values": [
            0.719797,
            -0.0,
            -0.694184,
            1.34239,
            0.0,
            1.0,
            0.0,
            0.0,
            0.694184,
            0.0,
            0.719797,
            -0.0,
            0.0,
            0.0,
            0.0,
            1.0
          ]
        }
      ]
    },
    {
      "transformations": [
        {
          "values": [
            0.999989,
            0.0,
            0.004785,
            0.949867,
            -0.0,
            1.0,
            0.0,
            0.487346,
            -0.004785,
            -0.0,
            0.999989,
            -0.481674,
            0.0,
            0.0,
            0.0,
            1.0
          ]
        },
        {
          "values": [
            0.719797,
            -0.0,
            -0.694184,
            1.341721,
            0.0,
            1.0,
            0.0,
            0.0,
            0.694184,
            0.0,
            0.719797,
            0.139884,
            0.0,
            0.0,
            0.0,
            1.0
          ]
        }
      ]
    },
    {
      "transformations": [
        {
          "values": [
            0.999989,
            0.0,
            0.004785,
            0.949867,
            -0.0,
            1.0,
            0.0,
            0.487346,
            -0.004785,
            -0.0,
            0.999989,
            -0.481674,
            0.0,
            0.0,
            0.0,
            1.0
          ]
        },
        {
          "values": [
            0.719797,
            -0.0,
            -0.694184,
            1.340478,
            0.0,
            1.0,
            0.0,
            0.0,
            0.694184,
            0.0,
            0.719797,
            0.399669,
            0.0,
            0.0,
            0.0,
            1.0
          ]
        }
      ]
    },
    {
      "transformations": [
        {
          "values": [
            0.999989,
            0.0,
            0.004785,
            0.949867,
            -0.0,
            1.0,
            0.0,
            0.487346,
            -0.004785,
            -0.0,
            0.999989,
            -0.481674,
            0.0,
            0.0,
            0.0,
            1.0
          ]
        },
        {
          "values": [
            0.719797,
            -0.0,
            -0.694184,
            1.339809,
            0.0,
            1.0,
            0.0,
            -0.0,
            0.694184,
            0.0,
            0.719797,
            0.539553,
            0.0,
            0.0,
            0.0,
            1.0
          ]
        }
      ]
    }
  ]
}